8397143139
43764948348
53839766205
54477931252
66718494084
70953440140
74390930373
74999778107
77460720634
77943246809
98474330551
372861608269
524551856496
552167338316
595358782381
707315283250
767981659766
1053005040676
1085133169718
1143597815894
1273258069066
1299731696694
1383920585522
1587982559072
1612299470539
1639223312555
1643094816186
1811187427882
1892788210155
1936068102946
1972673344177
2041070419812
2194330609819
2329851409697
2381688305780
2460332215499
2699182811371
2830701744227
3103137505465
3157454592416
3293464950141
3548034847109
3605054343598
3632114563630
3812349585694
3896073648462
3948014353870
4136394056960
4200484853796
4281254338147
4323439076781
4418008062125
4623217440116
5120223268175
5223613121628
5227385663888
5242332115970
5374697940690
5403503959033
5445994418330
5470884435054
5500277676280
5503927583506
5524909981630
5586833386557
5711076489634
5909198022742
6016864456694
6019667242731
6025327269098
6041848994195
6346576851917
6376968081039
6401386666763
6504786812761
6567409531788
6663450440553
6735129560874
6823526976881
6882243572525
6901561257672
7241617108192
7465354336079
7639874143130
7743949343804
7753599764014
7898965929634
7930017256176
8184119001581
8298873083635
8303542082402
8339045237795
8599324557854
8676329767660
8865947645453
9273574040124
9340029356819
9762688045396
9804243125696
9981459604631