4262892991572966819816324179994697879341111175898694292666229772243142912955168264228352134746134569698344151454864284812541728228841744141523586629997424195164755214449338537571397631117641656753584211
3769995218175798755575953595236588341111111117735114499111111111116193668384128422375624661381744911111195678171199258979151436868111111111116444248977411111111718651775549473495724881885111111111111888
3354111111111868556731111111734525111112787711259634371112111111111499773111111678845984921355247119736117467331111115245123921111127851361854725632211171592211123527111113954811111254342111194618116218
4811111111111115813291114214189566111665831677187592373511119114211115269121111159421457836286841174374193483271976511139331651123125657218983442285111831847121111611173991775321511169529113176381382737
7711127664764211167555115273538366421146554916879476633624117197121138143121977112473881534674374173165818735717244113816178511513449588211116743471975943145411141186288271437111119464539211325565979163
7711745254293228112354991118485114578111756198494889147146961125481115625111777864281883516723882112816172369518413514142878419333571111446187158714132818144611776112797917395722665166222284111846199179
6711167393211118581454729591982648988567562316289582681188316885141154351811158767497512826111539511737948198627162315921212111111111951911115286513991111113118465481111111533211246934335956624996534677
3451111111111111174219788361413285474886296427194111111111395629811235125511113951997193669194588547116261796985931511854761911111661111115111181918183873951113793584534196371178718538984711142846647875
2975111111765291592682943561111111121853587385111111111111115565981284599131211411811526671121515939119781268111124211994192323767392771172318893717765725889412767335131371111113274353934111911112148962
8251679563777583937627526411222222116164179511111116281284118996447291111111111111116749988183915418495636391122174468111983868471118911464916437516494111741541859365431115444391121499111598548341899878
3768791445876431116848714112111111111135689111198311417196137718931111112218129111942887499311558863187314111222125427455593131111181811492157582249211171133747576642111431166632861281115828982568198138
8888762471537111111111445212153142995133471115267485539584781992911111212211575223294111146412737839515111111232156341776316911122115515695132226951218764712896214511873839712116985411162662268936112357
3157553373967118511961153411117576932173564111941388311111944174111969412213463462111121398296391853111111431232123574743811112222117516398778118355319248644471716271432481391135138413443665424155112344
1649111114177911787841473953111176111147272911111111115534894385111998612113225371112221695893311111111958711222111111111111112332156111193491372216811852235521115573111197632196352214564118889861117858
6961111111135752381614493249771111781997632734268234386294629751176577111123137111222321697611111192397192112111111111111268512322165117161161946755585111571927119637263545536965743119411118226313176612
9581126153116369889498657887328339866265222158517591111111374196129363111858411122233321671111374588259561111151244161641591112221117111111172329513916411111111175627731182147884157416357311487681391149
7711116965811824436524291112116529971913174257327111111111111388115961116281112223333221111221111111161111118243711117747911222211398671482774911119512739738697633246127942119293326612169681118111751756
9111177895242189333155111211117297811111111116631111619431121396152811935711222322222211111111111122111221376951211376191112232114141722511391112188851781156668428436111118651111819661382979611121233389
5711237564767111383291121111118138112111112116951219169477111242856333117112222221111113296962539111111121111182935922111112332189632567798111222127211111111176726681116261228811271291659622525699444749
3111192259717916857633121125111496121161211219561111248127511881732158111122211111164434185413842293762111112111154843278512222111111111111122222122711271611119843721931912211112721533466532568563156371
2591116751115233545957111235611231121949591213163111164546291768252511122211112647559895573287275743979879711112111162311111111111112211111223221193111586327711968525362611899673935821357154171726173297
1971111111889777713287311184976298111172941115832951111388566119391112221117134824665111111111111111121239374111122111111111693343511114791232211221781995741991545716514153575264489858775184111111111683
7942111116316373472459351111567645112155281153848348476111527543411222111785674521111154837316911411111114125169112222153467988959257982911232112378171847871291394234132828111124668995619921116512251265
8418251113184611111115975262111364711115617221544337316237332681112221134499849119872324626462938516735111112397811122117372181111179545112222148629146839963141126264871111111689161765148515815635591628
1358435269973111111111163689973922372711186793411111111149248811222211111161391284283926534111117942415796115656751112211998398236466111122211193836378378826181614711111777594323627755876115657583111849
4917971116221111986831178855625694276765751536111111111116661612222118792479213175194581111114251347211111112443745711221114971787111112221111247788345838772515696291133127371911415525488117999833219266
6969532115231113422511179324111111111519271881121385381218779112221188375323812578892111221151459511153829611919112241122211548623111222111213315621112945278718392688113811118377511111283695592119643438
6796631444427111872646567321111131111111123389121579351118561122211286524129912761441122221929547143351937581111113763112221648353531111146566286211571188849244786398111111765869171836114362215477986324
1639118933625911115712533681111555578111131893121182541176151223215157111182915817711223321119367383391747711198611711311221117347622115998756199641619511926992523583637888811771267238411162272249163252
2552129818742833911116217616111145648551113393112134811133611233218362111131285258912233322113619123811215311918948244461222211152598511377636342111979451167268758911111365559818274132117437568111111123
8387111743712812835634327284211111524249279896111118111866212233217959525332111671212233332211111111111786811836424798531123222111111111116692272411113976198972831178321119797214214851184414731368951163
9371136561112125354592117592399311111134359361251199511557112333218447727235961549611223333222222222221748811185361898262123332222222222211169913711211513119688116365283111156232419481833932912682511127
7561151111211138831111111919973425457865955663155549211912612333219431113161519968391122223333333222111111111551221158886123322222222211111252697165978467916191113828612911159845712956772623627753211753
1921161771212211611118279152397325825691112667817682831713812222211111111111735196469111122222222211141112213942985111796123321111111119473871663962637118413466343181167111554559161777441419376899378264
9661133681115629111645146713954941111111211111112887311714412211111729647111115966478936111221111113818512211124329511826123321777821775717334597263144924116898122761111151529883141111111525548746899741
8541178211187241115659236175651111222222222222111113574979312111812169381537111139957427131111427472531112221611866611824123321122861176811111111183411648127194811545335751783111111453411113321758192143
1141112111433371111547111823911222222111111122222111593897211137811193815546531111753688628391179111191412221171786811255123322199222499271177639114875111111515553523399246732113261981551112462619325769
8399211114793721511111115125112222111193422111122221112111115661111788911426855211118916635313766194219311111826582611141123332111926699128136429117293127841179111111111135311124489329351114751111122739
5561199394315668912286217371122221189893916198111122211112211111142691116291652383111111677825339877111111611669874116865123432221114231277917535111137891948111111625311197811358338481111546141141111697
2866931952111357299284934811223211755111111172779111122222219846529126115111191712241111111111111111111115111484611127298123433322116913311664251164597282653178255636681132611994171111867296341551531145
6941193941164411169776597111233211848195422341981989111122211713341481118916913584539131221111111111155838113634911779661123332222211313425541111348585224456193441693111231821534925141844776512986741126
1736485471114611485475636211223214637877697381144566782111111111978116419735517492757111211685151255738561114656119613311222222111111115329618458327611168422114834611196125338179823111111167693288611456
1478669111366411982417364311122211237521111111197786289657596157997616764783277141111121111741395944165211119161198974212232111134718671816476691111112111523411662334611718888417611118211114456572685472
5786628811911111111167451242112221193251122222111177366714599651154158551272111111221111424336815358911231168711576152112332141352462211111111126272122221116474154617364154565954211599167119712355472122
6215341111112113681149971668211222111122111122222111112444221429798217111111122222111465367141797469562761126615675254122332162674869111115431179484123322211134911178951111111168214464311132767893891119
1967716181111143361119981865891112211119883111122222111111111111111111122222222332128235778681111135876451941955451711123332156511393118698611625321123333222119433479111111111117411593889441979211157165
7612111478862182721699111617553811111111125292111112222222222222222221111111112232111111111111117515338411739241186112223432111229134155574119131911223333332211955831128181626119961117765627491115111954
7912711167259441571172411894972371221111111489483111111111222111111111943952111222222222221111579862111193746127321122333332221511391561311169821112222222333221157211948761651119362231111341111176611161
8226921168751318941138111129165663281821922151195964788251111128823171257172451123333222111313861611112711116259611122222222221374144979113842411122221112343322117911199397111156551654135759812584661162
6528318117486166331111112121111111253511357991116886175418628111111111185343798123322211124975781119554811211626112211111111111131111711121369211222211812333332216511553331141871554111115595849271911664
8314942117886811276811164591111111184139311111111198874372111779523611167841781122221118268475111989911157289911122117498346316724246132822338112222118612222223214451196514936211111111111443396358489623
7819444111811821164765362311161461118917611111111782891952692551137113884441111222111969855111139991112327426112211114277456995962471257112611122211139812111123211381881949314111115844511664914176772647
5711334111826945116989869111994711194859911965811455123611115757121114721111222111151331441114421115291158131122119832437711111158586544641112222118244311153123221645896435721111292231445496736429999872
6891177112558116119725728182676912112789421883211183391111435956115958111222211196381247256989611885718256111211165721111939111287678551111222211128718111321123321327959727471115869883471761268111158493
2418611138915115119134311425592211189136598124832683111762985111327111122221116994951124478212113411133661122116371311611115128657181111222221112686661111186123321174699611112111173536539162611171111778
5713673515893411117652761696783111459111111438541816112458931115641112222111335512614111111751623118319111221158865437661263348111111222221111428116281117557123321311736112183451111111181754117731411153
7767638783192441522653989551441183589111111437242431179281117566111222211181845375317512213211111191611122221282516676337111111122222221111134261132711198671123321888111122117859725192728536118388771147
5541583879519666218541431893445684541177311143788251123111552781122221113698813253448112117386444457112222221111111111111122222222211111558762118924111138861223321111112222215699741173335687168953921139
3315493237831752825277485871834515741224612118652193111895936511222211656886131623424121191812291611111111222222222222222222211111113196555861191221111136231233321111222333211523411111115858311131961184
8232111417151449714677257272519867881611112118673768578461891112221113586112172182111111265952111111393641222222222211111111114634881855611113296111116898511234322222222223221446111425361643534649111294
8119891775183148117313141111111693296677311173598915545143711222211325241185714496121112347911117294185111221111111119383311571539922992771266791111929333112234333222111123321167119283991192972653636761
7546431145182164211418153513831133423576211192675141713793112222114323117799518541111495161111185161111111111773911492899918111111111765227311111115898211122333322211188123322138113783382936111149383692
4583781162151117831139665856531194168152117537192411126461122221175981126233143211151999211182125111111112798537779694791111111111111113988111114944811112223322221112118123332157114912637685496869391957
4916661161119313311125848935211246287687867241189314134811222211395311952911443117165651111872321121118635542449739111842429113733312213461116682978111222333221111843466123432191311187942219994611117527
2371311937119211949111817151114576485154797611674718186712232114128116183115591171343211115464111111379598551985111111431469471886512119245749446911111112332211862694686123432177473671921267285316211525
5948113888111114516141111111785147176812312311358361182112322195591161311111111756695811153191121121768974511739611184487913528674111179238396912111112112322115317461179123432159931971889256448131421549
2541386728111198414525268376336441477511126811977981494122321187111856111244724481134111174711211757491124917891119768224622982111114939261684641113864112221147116771188123432169338331111126328163651867
3221485244286265339146336912154311112651125811479616674123321795616492115591752843965111511112212823911512114311124437781321111111746237494485111127151122211224111831196123332126781117841491148255556638
6775181444634581219769111728368111535181451311111168241123321282285752112935239511471111494122115949114661167411298785611111111179545189364611111637111222115937711771192123322161411959647651125712674977
6661676311512692281941648311152111374111695412718365711223321883988535118135666114331212161122146161198631764711752143884746741176151589111111264222112221169737211171541123321198115684812711688373887227
7211172111724829851169253271514571111193949972856821131233321192617967111539971178691213181222148391781761542817992311443881361113111111111195274911122211358959812111371223221892111564671113952529638562
3411211155264682963111146511171212538361465217697246741234321879111113711119111154271211971122191421147161369113228411288334811111111111287228449112222114111435111111831233211826614419796949285111111825
1131111146911794121821111111561179888385129129112289761234321589211116199111117321151111727122116396114961145518162226657281111411391546911118171122221163194511188618111232211458511866365972111952611272
8383536867913211198824712153883283175783781121811377481233321371614118854641791568248116881112214723111458138612791111111111188939111111151463111222111781998311732682712232114362781111885311573323114168
9679668836111892161811145145813531567161211133411938611223321765611113276211843116728111538811211469791111171117731111111631528126114582227611122221182921824111123393112322147998361831164112255111899747
3482476291134371145212182327962541122617638119881161421123321271111157111111111115225111136761121171899211197317314678738858978795197945611112222111957213849421114361122221191991117628261139284618255815
1386553311174911772595118471158481114315412711111122685123321154116541311283311494177661118178112116139867578112157124111111942722821568111222211199437232411111137811222211479111111133311993896837362436
2111351126111111647254216888194311133743219158444528536123322148111176319374439673146748111583611111114133323453734111112741182954685111122221114672719711115365912112222115831118891119111492699911982224
1113747621212745512658811443811111751251271929535387519122332115911177231378669413113876431111457122211119317873818823592989738561111122222111627341151817111982681122221154981147935611541111111112283699
3118433855735589215625814138423738874175111155111118892112222211841196531553117766111534629111111123222211111399513247689731111111222222111152317825511598376472111222211168777132736811781221362546111136
3185813127511231184331112486164787671557368341755511114311122221325162898898111918211113445682111122222222221111111111111111222222222111114833618757811113949321122221114223617111485161193242472111881838
2111274711256621178711115614845911111872279839867346118337112221143953517654311115811111646131726111111122222222222222222222222111111198812736111184811169574111222111418951986111812591197997636316371144
8698455159139865111118474297874914141119384411741111162325511222111654118366271111138181116781921791958111111111112221112111111158879119255711111989211749811122222162321531111114391111176933166162331193
5976731423319544511943747181142461537111111111111174383219991122221165111193266111115512116326411113765192477822511111811127672182352615111111119949111281112222211171269111111651699711322741867823351141
3865591322791141818948141328136411536314548176482911227717385112222111122111378851111111116665622751111111111354118367311111111116948611112111936761616111222221113996111242117735929681644771593926671732
8238481128616111114262641173171195544888111998791335544417282511122222222221111719657111138149185146829951221519911111111111812859611112211179225365111122222111865611225721131951381343271121127878911211
1729972119712811459217913111117282796289311921681111115111711299111222333322221111357753949879111111111111111567121951111938118211112211113795141111122222211186697166488891533875383981447957146481169477
4658182211199728154927319374521693511111111145221155741111555181141112222333322221111182433589938321111111948519686946127141111112222212544411111222222221114214811928656423239834111111128529111111449531
1775111673852353571111111184513469164387511391415836694982553716581811112234333322222111111141481143932428726296321511111111222222333211111112222232211111389313711111136957921111113533226296873446136722
6365511895499584111155317719965943284182725779415928228514971888917335811234444333332222222111111111111111111111111112222222233333343222222222333332112331164361765891952391611114622579952676878911111969
1558761259855446171134784584112472527695475938961411134454553814799546521233333333333333332222222222222222222222222222333333333333333333333333333332153943459129466725423313481114119751116544682111341866
3131871176159261682111122541116141811111111111111111111111111111111111111222222222222222222222222222222222222222222222222222222222222222222222222222111111111111111111111114821111111114615449562118991136
3689521192132422157855111113313263245961811111111111111111111111111111111111111111111111111111111111111111111111111111111111111111111111111111111111111111111111111119111318348648739696129938351112363165
1641791935153814615629563969127713151592357917679791114284855462826631299312291489688736137818544672186389166268992964835593665368172588741253976554483413272691119361835175796271821111111113591193376792
7166112421611567174616263291124754584311531724661111111158258211114387619644851111396658784511111447836349327268966916881111175268624839111138299654476111111115524235111111156283211416325711377127632972
5975786999911111141719261116816777996546114185111969111117611194111117393911111111111836851187592111435368657119674291111111111193523111111111123464711111136811384221128461116159116426461521952117781478
7563649573858731122765542611113856181129111711618257421183114418771164637143926261121715911651196619899417543736115491168417715112331159246312111794611123236973395381138871116433111349221111682759435611
6525612291444458162556212941113961119198811131964682111597111841111367732169944911111874315381191138794591515239112851189521837858271814125941113671116597237119769877761428516494411115911396971352633619
2233186712647359491149792111171771115413114892848999144394521111144894381837111111665741413985337915556379114948111224119547632768581927913792761117111611211878376475672232611771741122344212418455216911
3911434581716954686281166921342643421171147511636118696781294964699586255356817438922112528547839411111148751111134451171716849178981483411881442635493611127116143288685898783949673966527717827111115354
9871985196571578645374611461221451666145382354526385241263433926326953127895997418613972993783567118335411494929186824488885265155313896591111183255518318886212611739622295115391788119189288211161811635
8571331211863117191749691111952111111196231669583311111111176171116111111254926175198191111111395147762171656215112569549788257153251111457889511115246112189148154112419116594371188611716914343997111895
9181355223921155912715811538142539335441111198642135613232111114116969581119327718538968131611285611645138188919576522838167961118527189719282754116133119578154179611128146787163362841293391672569211771
6231117725671733921123117818283851958911941169366914859166118214741124411117361915114182921111444254122756832221951567893912134115483124287213111114355611115112384371111127331911437811423434146132114329
5344111111113638156111131798556711111111189612373671111111718622245411111145286959251111111487481767167978561114111111111726817541111189493854522473261465111177396169598367343541611437563322411111117852