99999999999995197350616816991995305013540348196221142518688719250712416764145641522520783052263116793852996684330408599221487345467458315724439271520734442928435146438108702017
99999999999960903992977650211686224082921437103216397544707502395498202608080665224491036982585937523284176245260888813720110318042221544986901193844489446961563270217419322615
99999999999995919999179399114951086828805084162015858462100008861441716462047687077520433637541323177441138732972284700307631162727739218515462851876361982728781241805191536578
89999999999999999999999992413491654878618017410478046804186958585071084208862257480738237048769999978487694467831370171604983011625475324303135571714313840725009903697305302428
29999999999999599999993216387986537680253201041440490995628060268069038136125745239999999825999999995721599999925494796736128691085532139943616243685184052027785816876830991891
83099999999934199999995165514133078168789087739493883697097250754537122333322057599999999999999999999999999999997163969997325945140680507163929378015020077177260732842162368613
79999999999927376499983965848268442390869378999605793225566403976585604599999999999999999999999999999999999999999999999999865177699617804887054976059865286099028442014631587175
14499999958612997097129160892263406201839716709754906358574823749024972159999999999999999999999999999999999999999999999999970457998463242274880909096133165617484800866089085712
11999999923461735985668280403782838233405697733728265944085432422399996999999999999999999992214099994600299999999999999999999497159672011812474245406815880924250813564421674362
59999999941697436747769243838369443068466775839248917999432880999999999999999999996711799999756319999299339999949999999999999999999999238967283548424366911728900876492710953193
99999998938650795355098227845061212706734234341166715305728146666999999999999189999911039720298945637933152969641735999999999999999999432792410368462608160222467697774583718549
99999992879992399938988383604378912757199795666610274117008311747999999999813930153424538955778576402821476359515675999992999999999999970729967786176716817879773722147384384954
99999999999999999596484231946906184483473826624470464667879999999999994999932447138813969264915868135653482176199552599975493499999999999975243696072112933341027641620085982250
99999999999999994767451994283898871709956003578388881823989999999999949712914785755379025691793005406373855963995021142598411499999999999999999921759335309937108051411240801814
99999994919999996237467434716728894588095999943828342932609999999999991874199136219330484472181904717804276637204689797141508999999999999999999954763083077495494841913588595864
99999994114166110664935638740481482021909297613423514756999999999995370321544713765699496644173226115318561048670911953644852849877782999999999922431533878756287807560474379732
99999995832874357937624152372593313945077402390025512999999999999673094399815406916981420363192211019755740667116332268424909833847014799999999969181699971798262162358367065766
99999927286217950392687948716604092331939490508610499999999999997415437261449502603821056613510655680117220981890171718388779189175226699999999993994151376012408357370825497878
99999949048247754994925367096975226944636339211863721999999999636785554849977729909294211425230622715649658070155882219899073049999729999999999999999999990402305758527015830184
99999925131940686022496864515447095309230387053217585999994983153117734095568713406338847221589488104556658329299256886602739743443423999681999999999999996913929367225121210500
99999979994099937526997569127194481748934851497090999999987139475782879453852848783938299935990749223163122287659874008870578373848461169625479999999999993196679101887380390079
99999949999993347645240069795930916171982130951384999999999146260482470123034223957999999999999999990228610740069567173836995027596793331873259999999999956553605638290953774373
99999999999999871668829659830324092156113571581842699999324202800737884575401629999999999999999999999284592713707786341695220238980680884842703999999999691044414903862619158352
99999999999999362741456245571695722387610393625774799999984857943560152075539999999891003819849899999999993740246603918606195052571617812615199999999999819817499177208980270992
99999911899998125508129981907648090088497634120599999999965756672007866209999988919310407737524633939999999943686011405000751657639192923043499999999999999954222661457116002256
99999991176727826932743944547743053492005893980699999999940302258610952069999126845921237170257431793999999992318550032048621054352170320120631981639999999799999832852373855179
99999912293354937990798614445769922866304554382999999999129800978457492999983125923368895394265757418859299999792291071943421854983944982415252935332999999999999963311911526753
99999996170507661198768624431690030935933822838554999999272807230717715999995261338888884128283907686294399899999083824593810022515025613477407171539699999999999974181832776056
99999965419657990238490013796712473771302640587104999999993368525706839999859769888999999999271930909999774649999121597824908181006002966671909503379599999999999523431453263369
99999916992929993711207267151331402633116971647199999999263637226419019992849708888864011199992731513261733999999969738831216921096034030002011892199999999999996633264578583220
99999918999999405488189290867486682424109451644839999999623511931355349991075088888888867337999602893146597791799999145080870440828674060287523864499999999999926779792176735719
99999999999999999721281526295703842550472149931890729999932539727676989998063688888888884635199991696050317946799999988277210745501676168416488711679490899999999999755961223440
99999999999999989544189680358586310592747000022123499999995034276160123999120148888888888815329993264706170576999999597471055274805746697319827981608947439999996399998906300700
99999999239995091494222859612516811183011759760635999999344423370623083499938384888888888373819993381648831791499999895503178980979898346264094462527554499999999899999941409848
99999999974640374359982331001789707044762389782424999999999108930468588699998394373888886878269999740284173239979999995318751043975238675338906834797137604999999999999996077750
99999999928322969619971785989999205296267639202200672639999949042284019566999999999998885234149997087916248590699999998282815872870634557696452510198097291699999999999994457802
99999999959917310893944285376485548564059427484583941899999955264928877811907688888427032987399997180813733947499999966195178770706447207577291879603059799999999999999949961917
49999999995137126998891837559701703883784293008913415899999999997372487037098769439737650191999940636523434429941399991913815692641031878498110635057649999999999999999280925199
79999999995299918998307956217207819534089544322115442662219999946162177147961502531280622499999998017521553339245999999432434381210638638607174049366311499999999999918870810523
49749999999959999999669018999689695447857500644177867927159999999997807963587596296004745999999713953756236959999999999121120625967308952573340807057517399728999999991985191722
48489999999999999999885702332624481749455094034701542969779999999993499692974041838992999999920613691203884651938999949137501830606799854215432946286883283902109999999998356890
41171999999999999992130899637629910361757694635628395755668851499999999434999999599999999992446181741754618199906999963421744261324398737098537195260714159948731999999999939470
65899999999999774710354411342958562966072114249170820847518418999999999999999999999999961742100119429314942054889999999428798262976437814203575875985499733506976699999999999824
54999999999999999490297222932672321021088801649653445515121655979626899989999999999549613344369003893803835049999999999782968355440554439376273092406797119134351599999999999993
71999999999999994848181649183542754378071819796440166417717801211263950611299222112720938615989075100492225121999999994454770460517330838413515073332660190019295099999999999997
52699999999999999392284799874377011257640437243062832815894665445304807732624711638919576626712629634819311978999999071487224782843698333865586288167883042999999999999999999998
63981969999999999998999999999129744101805590707929336095692089596018303511089746551249642987437467063695779999999999416269118496643329669306052531649284123999999999999999999598
81267791599999999999499999999441859218828183554952174829208195607078089934037091611537175697423132985553499999999999422772498826008415596577435371765106376799999999999994997684
21949999200989999999999999999719273786199025707756686282592125573326419200131259045122197690048844593924559999999999171299145734901793592696298561415485009997239999999974370562
54285402137569999999999962195086276621104970844063042527626319993148624225104330794723596572695957726415199999999992568785438384793406053819132389797894459453255999999973743182
56300981672193999999999999878570934932302657753044307730979816538208807907223055363676411976062927229999999999951555346671770406780222466026495102514662977546499999999646999114
34531651371309999999999999360173424998423479215061362248414428348125410987688614994023811422836983999999999999935557836197913771295425200420336038835969132890064999999252891101
45389106661579999999999999999118999999957268982194025530299451639080447378846091351751243581359299401999999999999991532725323287318895425640809945116796205715799999999654999994
14759671182729999999999999999999999999938792352855278991988277061389776811412500664780017778748967836999999999943189012427415217393003615057893072700097557826799999999999999999
62952625718982499999999999999999999999986558689271069223198214757081256003698207664504642799999992699999999991232974868551159545649879431888559870899897992599999999999999999999
40420038320839633691459859999999999999999736789999964641881597551373604444868197100168579473999999999999965515734548343074878032850181004049151807495572309999999999999999999999
74844881012945513999434601999999999999999998099999991598792519963696622443478224999899911907299999999999774560851674884228933553722614551643114918860507392999999999999999999999
33304481562233667423263660799999999999999999999999952805929999989499049969982214749999999999999999999999896087264497118475651574221287227530430282960054193999999999999999999991
30968664941735762333070113299999999983999999999999994139533899992033335899999201599999999999999999999993022716925706375983338024524533018462770695050373799975899999999999994126
15746875566999268909575436299999999993749999999999999999999999999980619999999999999999999999999927860594729762860952263731122101323692603772141215871483891117365999999998379176
82945691604467512599927528019999999699982199999999999999999999999999999999999999999999999999992343994317172178205508908866669435282246656969916184419687377386808119999999930723
89372984133804300439999955164634999302451999999999999999999999999999999999999999999949999999999997178842002783424455992231187380750165101072993092429305283540051591899999999056
69910977749730072138317515067154499949775799999999993589999999999999999999999999999952729999994155984186468414595496138550785365876155032684798991192812238359321745799999999906
48970508504492051490329636695202729595437079999999989959189999999999987199999999997290171546979759455419170037397169357654329214003541727824857566195921728242752435672999999953
91364780998559929895085685237594760714174951999995995717219999999998987760999999999998123135754694444174428043752928797886651955150384740412059843412252072654231899998999999992
59212034274927983844502127532252875791915355507527993434822999999942742698594989379962823184329354899257692245943757185746989207733835856557956518881279999999144299999999999998
60988539763842666293968577342824515656966860132881999623477611442399478033579006829149825201190095644201417038000430192201464446545446368602325314315199999999946799999999999999
72976993060360432477812012790046234927313005286863244477141104419707752763822391881688478776859680289932766228707849032169614258468925984388982088750449999999299999999999999999
75627762338318948190855351462796630745208799306113438291274673966472638294852257958619992385283650926634944372388112222664862192376250276505823595221359999999999999599999999999
24238501136241109743747816800127765518933274525874902975944207853212505347082548466224266509412922247642207682618170860037694276964201556048330021799994239999994960999999999999
48461264666253781927592520518286969457302377562141774565281057263099553965540876892289169062297119858557595840120292916266116249667053945086647949998499519999870119399999999999
40269175669444310555852780996171064690681733497174437131282175809466198112870314790959156794097812126176192272502624948876617131733634575879999209839298339749952918899999999999